1	61	27	353285046376299	1992-3-5	496
2	139	76	359254062241211	2009-11-5	158
3	166	36	353327053809281	2018-9-16	431
4	130	49	353166057248892	1995-10-11	376
5	54	91	011245005073984	1998-8-18	301
6	12	93	353285041801945	1999-7-25	235
7	51	132	013327007430376	2009-12-11	511
8	70	110	358815059546860	1996-9-10	737
9	48	158	355114051600369	2006-5-16	434
10	44	30	359290057508925	2000-6-28	128
11	168	136	011948002035555	2003-4-19	436
12	105	40	358031065695358	1993-6-4	910
13	170	71	011948001857629	1999-3-4	265
14	148	54	356996017142208	2013-2-14	808
15	132	37	358815058533505	1997-7-24	770
16	73	75	358387063038987	2011-4-11	863
17	11	80	351549009675423	2007-3-5	816
18	114	101	353327051653954	1990-6-27	364
19	80	144	358240053142691	2009-1-11	551
20	162	21	353918051386643	2001-3-17	760
21	84	41	013006008188676	2017-1-3	552
22	164	5	358240054545264	2014-1-14	207
23	102	141	351710051307659	2018-9-5	772
24	169	128	358967048448425	2011-2-13	959
25	85	131	359254068300110	2011-5-23	840
26	103	112	358387061335179	2012-3-3	89
27	22	106	351549005984688	2016-6-12	966
28	160	14	358755059508785	2001-3-24	201
29	39	127	353285047478490	2016-8-8	227
30	19	22	353166054139219	1995-1-16	442
31	116	83	357441059949888	2015-7-11	740
32	29	166	353327059589416	2003-11-16	412
33	113	62	351549004811866	2001-7-1	886
34	92	117	355114052792819	1994-6-19	584
35	13	18	358387066316851	1994-3-24	600
36	104	143	356996018255298	2004-6-17	326
37	147	19	358755059624004	2000-4-16	43
38	122	60	356996012499066	2004-12-18	214
39	49	103	353285045137254	2017-4-23	422
40	140	67	353258074695849	2009-1-9	246
41	111	48	353327051033231	2013-3-10	552
42	59	15	353258071906868	2011-8-25	731
43	74	104	359206055680474	2009-12-22	476
44	90	169	329304005578406	2006-4-24	960
45	95	70	350890805252566	1998-12-23	354
46	150	105	013006004854735	2015-11-18	222
47	67	92	359092052742768	2015-12-9	104
48	64	25	353327058602079	2018-10-17	337
49	45	148	350890807322383	1996-9-18	865
50	82	138	353160048428234	2014-11-26	485
51	112	78	353166051501361	2009-9-25	216
52	83	10	358387063239262	1995-5-12	351
53	91	52	355114058450487	1996-6-20	741
54	135	47	329304001220367	2011-6-13	719
55	56	65	355114051715639	2013-12-15	762
56	23	133	358755054435893	2016-2-11	106
57	10	73	356996018756543	1991-8-6	41
58	118	168	011948003361513	2009-3-19	992
59	137	79	329304004475133	2017-10-14	871
60	78	74	353327053198701	1994-1-23	792
61	100	57	012336006304368	2012-4-19	358
62	62	111	358031063780327	2010-3-4	552
63	97	59	353160044965270	2009-9-22	676
64	93	64	359092052687708	2008-7-28	619
65	55	77	359092058360433	2009-12-1	66
66	123	16	359290054988609	2007-10-17	493
67	1	100	351549003697225	1999-6-8	108
68	89	50	351710058016071	2004-5-14	241
69	21	43	359206052361318	2016-11-17	705
70	33	118	013006008451736	2005-12-10	62
71	37	130	011245003424122	1998-7-17	31
72	38	33	011948002613575	1994-11-7	240
73	34	1	356996011021424	2008-8-11	554
74	87	8	353285041612896	1991-6-6	448
75	106	23	351549005169595	2018-3-21	110
76	86	45	011245009359223	2014-6-2	186
77	145	28	013327006105482	1990-1-17	768
78	72	161	359206057551319	2002-2-21	529
79	77	135	355114051121754	2004-2-9	472
80	165	63	359092051639429	2002-1-14	501
81	69	12	358967044691820	1995-10-2	342
82	52	115	358240057063687	2014-2-28	960
83	7	95	359290057034633	2011-2-20	903
84	131	90	358967046260855	1992-3-11	501
85	79	165	013006005076585	1990-7-11	462
86	143	89	358755053661077	2005-9-13	285
87	107	38	359290052830894	1994-7-9	988
88	40	150	353160043543086	1999-6-22	231
89	36	68	012336008922696	1990-3-23	793
90	126	35	358031068175606	2011-9-17	579
91	99	134	329304007344328	2013-2-12	716
92	117	113	011948003067250	1991-8-15	975
93	136	140	353160043498299	2006-9-27	697
94	75	32	358031063422920	2015-7-21	184
95	60	149	353327052963097	2007-11-19	390
96	121	151	353258078221469	2000-2-4	640
97	124	20	011245002168654	1990-6-26	272
98	154	17	353258075729282	1990-8-13	516
99	8	164	013327009670573	2017-11-26	37
100	152	69	011948001600060	1993-9-20	406
101	134	9	358815052031860	2006-12-13	433
102	156	4	353160045931230	2008-7-23	30
103	50	86	355114054227178	2003-8-16	766
104	98	108	351710052364303	2005-3-23	219
105	26	81	359290053738690	2014-6-21	564
106	5	72	353285042941518	2012-9-24	622
107	16	139	012336006686533	2013-5-27	677
108	9	167	012336006212017	2009-11-18	260
109	42	154	358031061109362	2017-1-28	910
110	144	88	357441057152832	1997-3-14	640
111	133	153	357441059944053	1997-10-25	585
112	6	123	012336007527314	2018-9-28	239
113	3	99	359092054259498	2004-2-17	738
114	151	61	011612005701411	2011-5-1	361
115	146	107	359254069998540	2008-3-13	803
116	14	122	011245004075493	2014-12-7	595
117	127	26	353258076226494	1998-4-7	761
118	94	56	011612008195116	2017-1-23	327
119	71	109	351549008760291	2013-8-9	29
120	128	85	353918053035222	2018-9-28	134
121	57	24	013327002436683	2009-6-25	232
122	138	31	355114053846655	2011-7-8	318
123	109	13	353918056572692	2004-11-9	465
124	68	125	353258071730961	1998-3-24	480
125	31	7	358031064577763	2009-6-9	952
126	142	156	358031063021961	1992-2-6	566
127	4	94	350890807281266	2002-6-20	309
128	167	102	353285048300636	1996-2-1	56
129	120	162	359206056516651	1995-11-18	82
130	63	2	359254069621258	2017-1-28	75
131	108	137	013006008640411	2011-8-4	976
132	24	114	359092059617336	1990-11-12	760
133	96	147	358031068402323	2008-6-16	478
134	119	6	357441058524237	2005-8-21	502
135	76	3	355114057821415	2004-7-28	424
136	66	129	358387069683802	2010-11-18	197
137	35	53	358967048356552	2009-12-7	954
138	159	121	359254065936544	2002-5-6	9
139	101	126	359206055325351	2007-7-1	651
140	155	87	356996016824764	2005-10-13	560
141	157	98	358387061307657	2013-6-25	858
142	18	163	353285046658829	2012-3-3	896
143	46	120	353258073053800	2016-11-6	624
144	47	96	358240053573515	1994-8-19	86
145	32	119	351710058101188	2011-6-20	645
146	30	145	358967045991732	1992-12-4	789
147	141	142	357441055333947	2013-6-23	668
148	149	29	351549009912008	2008-4-27	279
149	125	155	355114056355647	2010-11-17	873
150	2	159	329304002989382	2007-10-23	536
151	81	66	353160041980421	2014-3-20	844
152	158	46	358755059266228	2018-1-25	71
153	15	51	350890803823251	2007-11-20	676
154	43	82	358031061407410	2003-1-18	4
155	58	124	353327054701479	2006-8-25	986
156	110	84	351549008410228	2012-3-7	590
157	163	152	353285044982577	1992-3-16	685
158	129	160	359290054995349	2011-9-18	462
159	161	170	012336007042520	2016-7-20	443
160	20	42	358031067357734	2018-8-3	845
161	65	116	353258078442669	2008-10-7	872
162	41	97	359254066462615	2014-9-24	666
163	27	55	358755055956152	1993-5-7	790
164	53	11	358815054027825	1999-9-25	381
165	153	44	013327003227628	2001-2-13	354
166	17	34	355114057840985	2018-8-12	31
167	25	157	358240054382999	2007-10-19	253
168	28	146	359290053418038	2013-8-28	900
169	88	58	358755057785369	1997-5-1	579
170	115	39	358815054986251	2015-11-17	289
